#Molar Fraction in DBE
#RDF between Donor-Acceptor and Hdonor-Acceptor
1BO	0.00	0.12	0.25	0.37	0.50	0.62	0.75	0.88	0.94
O-O	3.475	3.525	3.525	3.525	3.525	3.525	3.475	3.575	3.525
Coord	2.010	1.970	1.920	1.863 	1.798	1.720	1.580	1.284	0.856
O-H	2.575	2.575	2.575	2.575	2.575	2.575	2.575	2.525	2.575
Coord	0.986	0.962	0.938	0.909	0.877	0.838	0.774	0.617	0.417
#2BO	
O-O  	3.675	3.725	3.725	3.725	3.725	3.725	3.725	3.725	4.125
Coord	1.937	1.881	1.809	1.727	1.633	1.513	1.330	0.947	0.568
O-H     2.625   2.625	2.625	2.575	2.575	2.575	2.575	2.525	2.575
Coord	0.925	0.888	0.851	0.801	0.754	0.696	0.610	0.432	0.250	
#1BO
Oa-Oe	0	3.525	3.525	3.475	3.575	3.575	3.575	3.575	3.625
Coord	0	0.162	0.136	0.116	0.101	0.081	0.064	0.044	0.031
#2BO
Oa-Oe	0	3.625	3.675	3.625	3.675	3.675	3.725	3.725	3.725
Coord	0	0.207	0.174	0.145	0.120	0.097	0.074	0.045	0.028
